45,189,105,189,105,220,45,220
0

91,190,102,190,102,219,91,219
10

49,190,87,190,87,204,49,204
复兴门桥

108,187,167,187,167,219,108,219
0

151,193,163,193,163,215,151,215
10

113,187,148,187,148,200,113,200
月坛南街

112,198,147,198,147,209,112,209
月坛北街

170,188,227,188,227,219,170,219
0

205,193,224,193,224,214,205,214
26

173,192,203,192,203,207,173,207
西四

253,171,333,171,333,219,253,219
0

302,192,322,192,322,211,302,211
26

297,174,328,174,328,186,297,186
月坛北街

258,190,298,190,298,203,258,203
阜成门内大街
