1,119,83,119,83,162,1,162
0

66,124,83,124,83,157,66,157
10

9,122,59,122,59,140,9,140
复兴门桥

86,118,168,118,168,160,86,160
0

149,127,164,127,164,156,149,156
10

96,121,143,121,143,133,96,133
月坛南街

94,132,143,132,143,147,94,147
月坛北街

171,118,253,118,253,161,171,161
0

221,125,248,125,248,154,221,154
26

176,123,218,123,218,143,176,143
西四

288,96,394,96,394,162,288,162
0

358,125,378,125,378,149,358,149
26

348,100,391,100,391,116,348,116
月坛北桥

293,122,349,122,349,138,293,138
阜成门内大街

310,144,332,144,332,158,310,158
西四
