184,84,298,84,298,152,184,152
0

269,96,292,96,292,129,269,129
15

189,89,223,89,223,102,189,102
西二环

228,88,266,88,266,102,228,102
官园桥

188,109,225,109,225,124,188,124
北三环

229,107,265,107,265,123,229,123
学院路

189,129,228,129,228,143,189,143
高粱桥路

230,127,266,127,266,143,230,143
北礼士路

330,186,373,186,373,270,330,270
0

345,251,360,251,360,269,345,269
15

335,189,370,189,370,198,335,198
西二环

335,197,368,197,368,209,335,209
官园桥

335,209,369,209,369,219,335,219
北三环

334,217,369,217,369,230,334,230
学院路

332,228,371,228,371,241,332,241
高粱桥路

332,240,370,240,370,252,332,252
北礼士路
