24,185,204,185,204,276,24,276
0

57,228,102,228,102,260,57,260
3

34,193,99,193,99,211,34,211
北四环

34,211,96,211,96,230,34,230
健翔桥

113,220,199,220,199,241,113,241
民族园西路

130,253,183,253,183,268,130,268
北辰西路

33,258,100,258,100,269,33,269
民族园西路西口

208,183,272,183,272,242,208,242
0

233,221,250,221,250,239,233,239
10

234,190,269,190,269,206,234,206
辅路

214,211,239,211,239,222,214,222
北四环

242,209,267,209,267,222,242,222
健翔桥

328,215,419,215,419,243,328,243
0

334,219,353,219,353,240,334,240
10

383,221,415,221,415,234,383,234
辅路
