162,54,314,54,314,143,162,143
0

274,78,306,78,306,111,274,111
14

168,61,215,61,215,79,168,79
西二环

222,59,268,59,268,78,222,78
官园桥

167,88,217,88,217,107,167,107
北三环

220,85,271,85,271,105,220,105
学院路

168,112,216,112,216,132,168,132
高粱桥路

222,113,269,113,269,130,222,130
北礼士路

353,189,411,189,411,302,353,302
0

373,277,391,277,391,297,373,297
14

358,190,406,190,406,206,358,206
西二环

358,206,406,206,406,220,358,220
官园桥

358,219,404,219,404,233,358,233
北三环

357,232,405,232,405,248,357,248
学院路

356,246,408,246,408,262,356,262
高粱桥路

357,260,407,260,407,279,357,279
北礼士路
